Tabla de recompensas
[[    0.     0.     0.     0.     0.]
 [    0.     0.     0.     0.     0.]
 [    0.     0.     0.     0.     0.]
 [    0.     0.     0.  1000.     0.]
 [ -100.  -100.  -100.  -100.     0.]
 [    0.     0.     0.     0.     0.]
 [    0.     0.     0.     0.     0.]
 [    0.     0.     0.     0.     0.]
 [    0.     0.     0.     0.     0.]
 [    0.  -100.  -100.  -100.  -100.]
 [    0.     0.     0.     0.     0.]
 [    0.     0.     0.     0.     0.]
 [    0.     0.     0.     0.     0.]
 [    0.     0.     0.     0.     0.]
 [    0.     0.     0.     0.     0.]
 [    0.     0.     0.     0.     0.]]

Acciones promedio exploratorio:  185.71 


Tabla Q Exploratorio
[[    0.           327.68         327.68           0.        ]
 [    0.           409.6          409.6          262.144     ]
 [    0.           512.           512.           327.68      ]
 [    0.           409.6          640.           409.6       ]
 [    0.             0.           512.           512.        ]
 [  262.144        409.6          409.6            0.        ]
 [  327.68         512.           512.           327.68      ]
 [  409.6          640.           640.           409.6       ]
 [  512.           512.           800.           512.        ]
 [  409.6            0.           640.           640.        ]
 [  327.68         512.           512.             0.        ]
 [  409.6          640.           640.           409.6       ]
 [  512.           800.           800.           512.        ]
 [  640.           640.          1000.           640.        ]
 [  512.             0.           800.           800.        ]
 [  409.6          640.           309.6            0.        ]
 [  512.           800.           412.           512.        ]
 [  640.          1000.           540.           640.        ]
 [    0.             0.             0.             0.        ]
 [  640.             0.           640.          1000.        ]
 [  512.           412.           286.72           0.        ]
 [  640.           540.           358.4          309.6       ]
 [  800.           700.           448.           412.        ]
 [ 1000.           640.           560.           540.        ]
 [  800.             0.           512.           700.        ]
 [  309.6          358.4          229.376          0.        ]
 [  412.           448.           286.72         286.72      ]
 [  540.           560.           358.4          358.4       ]
 [  700.           512.           448.           448.        ]
 [  640.             0.           409.6          560.        ]
 [  286.72         286.72         183.5008         0.        ]
 [  358.4          358.4          229.376        229.376     ]
 [  448.           448.           286.72         286.72      ]
 [  560.           409.6          358.4          358.4       ]
 [  512.             0.           327.68         448.        ]
 [  229.376        229.376        146.80064        0.        ]
 [  286.72         286.72         183.5008       183.5008    ]
 [  358.4          358.4          229.376        229.376     ]
 [  448.           327.68         286.72         286.72      ]
 [  409.6            0.           262.144        358.4       ]
 [  183.5008       183.5008       117.440512       0.        ]
 [  229.376        229.376         46.80064      146.80064   ]
 [  286.72         286.72          83.5008       183.5008    ]
 [  358.4          262.144        129.376        229.376     ]
 [  327.68           0.           109.7152       286.72      ]
 [  146.80064       46.80064       93.9524096      0.        ]
 [  183.5008        83.5008        75.16192768   117.440512  ]
 [  229.376        129.376         82.80064       46.80064   ]
 [  286.72         109.7152       103.5008        83.5008    ]
 [  262.144          0.            87.77216      129.376     ]
 [  117.440512      75.16192768    75.16192768     0.        ]
 [   46.80064       82.80064       60.12954214    93.9524096 ]
 [   83.5008       103.5008        66.240512      75.16192768]
 [  129.376         87.77216       82.80064       82.80064   ]
 [  109.7152         0.            70.217728     103.5008    ]
 [   93.9524096     60.12954214    60.12954214     0.        ]
 [   75.16192768    66.240512      48.10363372    75.16192768]
 [   82.80064       82.80064       52.9924096     60.12954214]
 [  103.5008        70.217728      66.240512      66.240512  ]
 [   87.77216        0.            56.1741824     82.80064   ]
 [   75.16192768    48.10363372    48.10363372     0.        ]
 [   60.12954214    52.9924096     38.48290697    60.12954214]
 [   66.240512      66.240512      42.39392768    48.10363372]
 [   82.80064       56.1741824     52.9924096     52.9924096 ]
 [   70.217728       0.            44.93934592    66.240512  ]
 [   60.12954214    38.48290697    38.48290697     0.        ]
 [   48.10363372    42.39392768    30.78632558    48.10363372]
 [   52.9924096     52.9924096     33.91514214    38.48290697]
 [   66.240512      44.93934592    42.39392768    42.39392768]
 [   56.1741824      0.            35.95147674    52.9924096 ]
 [   48.10363372    30.78632558    30.78632558     0.        ]
 [   38.48290697    33.91514214    24.62906046    38.48290697]
 [   42.39392768    42.39392768    27.13211372    30.78632558]
 [   52.9924096     35.95147674    33.91514214    33.91514214]
 [   44.93934592     0.            28.76118139    42.39392768]
 [   38.48290697    24.62906046     0.             0.        ]
 [   30.78632558    27.13211372     0.            30.78632558]
 [   33.91514214    33.91514214     0.            24.62906046]
 [   42.39392768    28.76118139     0.            27.13211372]
 [   35.95147674     0.             0.            33.91514214]]

Acciones promedio greedy:  44.02 


Tabla Q Greedy
[[    0.             0.             0.             0.        ]
 [    0.             0.             0.             0.        ]
 [    0.             0.             0.             0.        ]
 [    0.             0.           409.6            0.        ]
 [    0.             0.           512.             0.        ]
 [    0.             0.           409.6            0.        ]
 [    0.             0.             0.             0.        ]
 [    0.             0.             0.             0.        ]
 [    0.           512.             0.             0.        ]
 [    0.             0.           640.             0.        ]
 [    0.           512.             0.             0.        ]
 [    0.             0.           640.             0.        ]
 [    0.             0.           800.             0.        ]
 [    0.           640.             0.             0.        ]
 [    0.             0.           800.             0.        ]
 [    0.             0.           121.184          0.        ]
 [    0.           800.          -100.             0.        ]
 [    0.          1000.             0.             0.        ]
 [    0.             0.             0.             0.        ]
 [    0.             0.             0.          1000.        ]
 [    0.          -100.           276.48           0.        ]
 [  640.          -100.             0.          -100.        ]
 [  800.             0.             0.          -100.        ]
 [    0.             0.             0.           540.        ]
 [  800.             0.             0.          -100.        ]
 [ -100.           345.6            0.             0.        ]
 [ -100.           432.             0.             0.        ]
 [  540.             0.             0.             0.        ]
 [  332.             0.             0.             0.        ]
 [    0.             0.             0.             0.        ]
 [  276.48           0.             0.             0.        ]
 [    0.           345.6            0.             0.        ]
 [  432.             0.             0.             0.        ]
 [    0.             0.             0.             0.        ]
 [    0.             0.             0.             0.        ]
 [    0.             0.             0.             0.        ]
 [  276.48           0.             0.             0.        ]
 [    0.             0.             0.           221.184     ]
 [    0.             0.             0.             0.        ]
 [    0.             0.             0.             0.        ]
 [    0.           176.9472         0.             0.        ]
 [  221.184          0.          -100.             0.        ]
 [  176.9472         0.          -100.             0.        ]
 [    0.             0.          -100.           141.55776   ]
 [    0.             0.          -100.           113.246208  ]
 [    0.           -89.4030336      0.             0.        ]
 [    0.            13.246208       0.             0.        ]
 [  141.55776     -100.             0.          -100.        ]
 [  113.246208    -100.             0.          -100.        ]
 [    0.             0.             0.          -100.        ]
 [    0.             0.             0.             0.        ]
 [  -89.4030336     10.5969664      0.             0.        ]
 [   13.246208       0.             0.             0.        ]
 [ -100.             0.             0.            10.5969664 ]
 [ -100.             0.             0.             8.47757312]
 [    0.             0.             0.             0.        ]
 [    8.47757312     0.             0.             0.        ]
 [   10.5969664      0.             0.             0.        ]
 [    8.47757312     0.             0.             0.        ]
 [    0.             0.             0.             6.7820585 ]
 [    0.             0.             0.             0.        ]
 [    0.             6.7820585      0.             0.        ]
 [    8.47757312     0.             0.             0.        ]
 [    0.             0.             0.             6.7820585 ]
 [    0.             0.             0.             0.        ]
 [    0.             0.             0.             0.        ]
 [    5.4256468      0.             0.             0.        ]
 [    0.             0.             0.             0.        ]
 [    5.4256468      0.             0.             0.        ]
 [    0.             0.             0.             0.        ]
 [    0.             0.             0.             0.        ]
 [    0.             0.             0.             0.        ]
 [    0.             0.             0.             0.        ]
 [    0.             0.             0.             0.        ]
 [    0.             0.             0.             0.        ]
 [    0.             0.             0.             0.        ]
 [    0.             0.             0.             0.        ]
 [    0.             0.             0.             0.        ]
 [    0.             0.             0.             0.        ]
 [    0.             0.             0.             0.        ]]

Acciones promedio E-greedy 5:  44.14 


Tabla Q E-Greedy 5
[[    0.           209.7152         0.             0.        ]
 [    0.           262.144          0.             0.        ]
 [    0.           327.68           0.           209.7152    ]
 [    0.             0.           409.6            0.        ]
 [    0.             0.             0.             0.        ]
 [    0.             0.           409.6            0.        ]
 [    0.             0.             0.             0.        ]
 [    0.             0.           640.             0.        ]
 [  327.68           0.           512.             0.        ]
 [    0.             0.             0.           409.6       ]
 [    0.           512.             0.             0.        ]
 [    0.           640.             0.             0.        ]
 [    0.           512.           800.             0.        ]
 [    0.             0.             0.           640.        ]
 [    0.             0.           800.             0.        ]
 [    0.           640.          -100.             0.        ]
 [    0.           800.          -100.             0.        ]
 [    0.          1000.           540.             0.        ]
 [    0.             0.             0.             0.        ]
 [    0.             0.             0.          1000.        ]
 [    0.           332.             0.             0.        ]
 [    0.           540.           265.6          165.6       ]
 [  800.          -100.           432.          -100.        ]
 [    0.             0.             0.          -100.        ]
 [  800.             0.             0.          -100.        ]
 [ -100.           345.6            0.             0.        ]
 [  332.           432.           212.48         276.48      ]
 [  540.             0.             0.           265.6       ]
 [ -100.             0.             0.           432.        ]
 [  640.             0.             0.             0.        ]
 [    0.             0.             0.             0.        ]
 [  345.6            0.             0.             0.        ]
 [    0.             0.             0.             0.        ]
 [    0.             0.             0.             0.        ]
 [    0.             0.            55.70035712     0.        ]
 [    0.           169.984          0.             0.        ]
 [  276.48         135.9872         0.             0.        ]
 [    0.            44.5602857    108.78976      221.184     ]
 [    0.            55.70035712     0.             0.        ]
 [    0.             0.            69.6254464      0.        ]
 [    0.             0.             0.             0.        ]
 [  221.184          0.          -100.             0.        ]
 [  135.9872        87.031808     -12.968192       0.        ]
 [    0.             0.          -100.           108.78976   ]
 [   55.70035712     0.          -100.            87.031808  ]
 [    0.            41.55776        0.             0.        ]
 [  176.9472       -12.968192       0.             0.        ]
 [  108.78976     -100.             0.          -100.        ]
 [   87.031808    -100.             0.          -100.        ]
 [   69.6254464      0.             0.           -30.3745536 ]
 [   33.246208       7.031808       0.             0.        ]
 [   41.55776        0.             0.             0.        ]
 [  -12.968192       0.             0.             7.031808  ]
 [  -30.3745536      0.             0.             5.6254464 ]
 [  -44.29964288     0.             0.             0.        ]
 [   26.5969664      0.             0.             0.        ]
 [    0.             0.             2.88022856     0.        ]
 [    0.             0.             0.             0.        ]
 [    0.             0.             0.             0.        ]
 [    0.             0.             0.             0.        ]
 [   21.27757312     0.             0.             0.        ]
 [    0.             0.             0.             3.6002857 ]
 [    0.             0.             0.             0.        ]
 [    0.             0.             0.             0.        ]
 [    0.             0.             0.             0.        ]
 [    0.             0.             0.             0.        ]
 [    2.88022856     0.             0.             0.        ]
 [    0.             0.             0.             0.        ]
 [    0.             0.             0.             0.        ]
 [    0.             0.             0.             0.        ]
 [    0.             0.             0.             0.        ]
 [    0.             0.             0.             0.        ]
 [    0.             0.             0.             0.        ]
 [    0.             0.             0.             0.        ]
 [    0.             0.             0.             0.        ]
 [    0.             0.             0.             0.        ]
 [    0.             0.             0.             0.        ]
 [    0.             0.             0.             0.        ]
 [    0.             0.             0.             0.        ]
 [    0.             0.             0.             0.        ]]

Acciones promedio E-greedy 10:  35.29 


Tabla Q E-Greedy 10
[[    0.             0.             0.             0.        ]
 [    0.             0.           409.6            0.        ]
 [    0.             0.             0.             0.        ]
 [    0.             0.           640.             0.        ]
 [    0.             0.           512.             0.        ]
 [    0.             0.             0.             0.        ]
 [    0.           512.             0.             0.        ]
 [    0.           640.             0.             0.        ]
 [    0.           512.           800.             0.        ]
 [    0.             0.             0.           640.        ]
 [    0.             0.             0.             0.        ]
 [    0.           409.6            0.             0.        ]
 [  512.             0.             0.             0.        ]
 [    0.             0.          1000.             0.        ]
 [    0.             0.           800.             0.        ]
 [    0.             0.          -100.             0.        ]
 [    0.             0.           268.             0.        ]
 [    0.             0.           460.             0.        ]
 [    0.             0.             0.             0.        ]
 [    0.             0.             0.          1000.        ]
 [    0.          -100.             0.             0.        ]
 [    0.           460.           358.4         -100.        ]
 [    0.           700.             0.           268.        ]
 [ 1000.             0.           560.           460.        ]
 [    0.             0.             0.           700.        ]
 [ -100.             0.             0.             0.        ]
 [  268.           448.             0.             0.        ]
 [  460.           560.           358.4            0.        ]
 [  700.           448.             0.             0.        ]
 [    0.             0.           229.376        560.        ]
 [    0.           286.72           0.             0.        ]
 [  358.4            0.             0.             0.        ]
 [  448.           286.72         286.72         286.72      ]
 [    0.             0.           229.376        358.4       ]
 [  448.             0.             0.           286.72      ]
 [    0.           188.416          0.             0.        ]
 [  235.52           0.             0.             0.        ]
 [  358.4          229.376        229.376          0.        ]
 [  235.52           0.             0.           286.72      ]
 [  188.416          0.             0.             0.        ]
 [    0.           183.5008         0.             0.        ]
 [    0.           229.376       -100.           120.58624   ]
 [  286.72           0.            50.7328         0.        ]
 [    0.             0.           -59.41376        0.        ]
 [    0.             0.          -100.             0.        ]
 [    0.          -100.             0.             0.        ]
 [  183.5008      -100.             0.             0.        ]
 [  229.376       -100.            66.80064     -100.        ]
 [    0.          -100.             0.            83.5008    ]
 [    0.             0.             0.           -59.41376   ]
 [    0.             0.             0.             0.        ]
 [ -100.            66.80064        0.             0.        ]
 [   83.5008         0.             0.             0.        ]
 [  -59.41376       25.9751936      0.            66.80064   ]
 [ -100.             0.             0.            32.468992  ]
 [    0.             0.             0.             0.        ]
 [   32.468992       0.             0.             0.        ]
 [   66.80064       42.7524096     42.7524096      0.        ]
 [    0.             0.             0.            53.440512  ]
 [    0.             0.             0.             0.        ]
 [    0.             0.             0.             0.        ]
 [    0.             0.            27.36154214     0.        ]
 [   53.440512       0.             0.             0.        ]
 [   42.7524096      0.             0.             0.        ]
 [    0.             0.             0.            34.20192768]
 [    0.             0.             0.             0.        ]
 [   21.88923372    34.20192768     0.             0.        ]
 [   42.7524096      0.             0.             0.        ]
 [    0.             0.             0.            34.20192768]
 [    0.             0.             0.             0.        ]
 [    0.             0.             0.             0.        ]
 [   27.36154214     0.             0.             0.        ]
 [    0.             0.             0.            21.88923372]
 [    0.             0.             0.            17.51138697]
 [    0.             0.             0.             0.        ]
 [    0.            17.51138697     0.             0.        ]
 [   21.88923372     0.             0.             0.        ]
 [   17.51138697     0.             0.             0.        ]
 [   14.00910958     0.             0.             0.        ]
 [    0.             0.             0.             0.        ]]

Acciones promedio E-greedy 15:  28.27 


Tabla Q E-Greedy 15
[[    0.             0.             0.             0.        ]
 [    0.             0.           409.6            0.        ]
 [    0.             0.             0.             0.        ]
 [    0.             0.             0.             0.        ]
 [    0.             0.             0.             0.        ]
 [    0.             0.           409.6            0.        ]
 [    0.             0.           512.             0.        ]
 [    0.             0.             0.             0.        ]
 [    0.             0.           800.             0.        ]
 [    0.             0.             0.           640.        ]
 [    0.           512.             0.             0.        ]
 [    0.           640.             0.           409.6       ]
 [    0.             0.           800.             0.        ]
 [  640.             0.          1000.             0.        ]
 [    0.             0.           800.             0.        ]
 [    0.             0.          -100.             0.        ]
 [    0.           800.          -100.             0.        ]
 [  640.          1000.          -100.           640.        ]
 [    0.             0.             0.             0.        ]
 [    0.             0.           560.          1000.        ]
 [    0.           332.             0.             0.        ]
 [    0.           540.           214.4         -100.        ]
 [  800.           700.           432.           332.        ]
 [ 1000.           560.           560.           540.        ]
 [    0.             0.             0.           700.        ]
 [ -100.           358.4            0.             0.        ]
 [  332.           448.           286.72         286.72      ]
 [  540.           560.           358.4          358.4       ]
 [  700.           448.           448.           448.        ]
 [    0.             0.             0.           560.        ]
 [    0.             0.             0.             0.        ]
 [  358.4          294.4          221.184          0.        ]
 [  448.             0.             0.             0.        ]
 [  560.             0.             0.             0.        ]
 [    0.             0.             0.           448.        ]
 [    0.             0.           141.55776        0.        ]
 [  286.72           0.           176.9472        10.54015488]
 [  358.4            0.           229.376          0.        ]
 [    0.             0.           113.246208       0.        ]
 [  358.4            0.             0.             0.        ]
 [   10.54015488   183.5008        33.246208       0.        ]
 [  229.376         87.81824       41.55776        0.        ]
 [  286.72           0.          -100.           176.9472    ]
 [    0.             0.          -100.           229.376     ]
 [    0.             0.          -100.             0.        ]
 [    0.            41.55776        0.             0.        ]
 [  183.5008       -66.753792      33.246208       0.        ]
 [    0.          -100.             0.            41.55776   ]
 [    0.          -100.             0.          -100.        ]
 [    0.             0.             0.          -100.        ]
 [    0.            33.246208       0.             0.        ]
 [   46.80064       29.9524096      0.             0.        ]
 [  -83.531008       0.            21.27757312    37.440512  ]
 [ -100.             0.             0.             0.        ]
 [ -100.             0.             0.             0.        ]
 [    0.            26.5969664      0.             0.        ]
 [   33.246208       0.             0.             0.        ]
 [   29.9524096      0.             0.            26.5969664 ]
 [    0.             0.             0.            21.27757312]
 [    0.             0.             0.            17.0220585 ]
 [   21.27757312     0.             0.             0.        ]
 [   26.5969664      0.             0.             0.        ]
 [   21.27757312     0.             0.             0.        ]
 [    0.             0.             6.97223516     0.        ]
 [    0.             0.             0.             0.        ]
 [    0.             0.             0.             0.        ]
 [    0.            13.6176468      0.             0.        ]
 [   17.0220585      0.            10.89411744     0.        ]
 [    0.             0.             8.71529395     0.        ]
 [    0.             0.             0.             0.        ]
 [    0.             0.             0.             0.        ]
 [    0.             0.             0.             0.        ]
 [   13.6176468      0.             0.             0.        ]
 [    0.             0.             0.            10.89411744]
 [    0.             0.             0.             0.        ]
 [    0.             0.             0.             0.        ]
 [    0.             0.             0.             0.        ]
 [    0.             0.             0.             0.        ]
 [    0.             0.             0.             0.        ]
 [    0.             0.             0.             0.        ]]

